102:101,181,794,798,804,811,814,821,996,6319,6533,40495,148648,861441,967502,1064745,1077747,2806491,9229534,17838679
103:notfound
104:101,1143,628701,2438054
105:notfound
106:notfound
107:101,134,385,386,520,634835,834879,2743054,13312740
108:notfound
109:notfound
110:notfound
111:notfound
112:113,398234,429887,3901400,18449866,23921615
113:112,349,98405,1184372,1621447,2167080,2425437,9573889,9738716,18283313
114:private
115:notfound
116:140
117:307,23132932
118:notfound
119:notfound
120:
121:4315,160253,264724,265042,329789,359849,391664,658420,667648,1252938,1253058,8355841,12380640
122:notfound
123:21544,29953,33708,51850,77367,77539,96454,96542,105659,125655,134676,169632,173927,184962,202744,211307,221024,232600,239912,240043,246159,259050,270511,310189,367201,375221,387719,392280,409039,542315,565579,613346,643507,648765,720508,743487,794202,862114,882824,885681,908404,930009,930889,931617,973296,1093328,1127743,1160569,1213625,1238004,1384995,1452890,1470840,1681233,1714161,1718435,1739853,1772370,1783706,1845982,1906500,1919396,1951911,1954836,1975151,2060703,2180097,2232023,2233728,2343173,2353468,2376601,2445888,2668662,2814470,2877335,3580196,4029726,4922035,4968839,5318992,5432306,5544587,5778421,5882138,6364978,11081025
124:
125:101,319,320,321,323,325,326,327,330,335,337,339,372,384,449,466,472,506,511,937,1817,8490,17853,21359,61528,206906,335386,351253,378198,500821,918831,1097385,1194747,2255890,6366331,16632545,40141820
126:
127:
128:notfound
129:136,250,258,278,281,284,307,402,406,2460296
130:
131:
132:notfound
133:notfound
134:107,166,172,671,71994,137315,349531,857247,858599,923556,995675,1323582,3358865,3372812,3549666,4407092,22937652
135:
136:129,18343624
137:
138:notfound
139:
140:private
141:notfound
142:
143:
144:notfound
145:
146:147,149,151,163,460,621,13895,17783,19257,23062,24222,26122,27005,28996,32564,37746,38478,49918,55174,55594,55674,70215,77530,81478,81718,82385,91212,106796,117425,127856,133620,145126,147351,153411,163286,196278,215988,219151,220935,258938,269162,284895,296680,305443,315630,325399,329832,331441,342593,345655,380067,388712,391959,402334,409808,411465,459228,483360,529391,557438,619944,621379,621840,623189,652880,664496,703401,747333,778868,792993,878797,908153,908694,909222,939728,977237,1007000,1018170,1058666,1074687,1106549,1175603,1183405,1238407,1246381,1256706,1272187,1272794,1300264,1326533,1348075,1476561,1478656,1487649,1494258,1498379,1509040,1739724,1747139,1878149,1905899,1962759,2012419,2030102,2069512,2099399,2105896,2176343,2205582,2238175,2361330,2425756,2430575,2579836,2609870,2802562,2998178,3097025,3223825,3702157,4720236,4840613,5411790,5947199,6556768,6873038,7430964,7463887,7601612,8853536,10455760,11377170
147:146,149,151,163,13895,22339,24285,25569,26186,31114,37746,43469,55174,55594,61500,70215,76928,80334,81478,81718,81797,86756,91212,93955,106796,117425,120063,138657,145126,147351,180113,204153,208203,217027,232260,234047,245716,285395,289716,306697,310000,331441,339200,368822,388572,389680,391170,402043,411465,424057,469090,483360,531502,540638,596082,621379,621840,630715,681833,712289,747333,754808,778868,786761,793681,816087,857115,894615,913804,952837,954814,977237,987240,1000248,1013137,1049764,1074687,1106549,1140309,1146177,1202781,1256706,1392497,1439000,1478656,1498379,1533034,1559923,1588851,1629004,1637179,1686440,1831989,1912403,1920568,2030273,2043857,2069512,2099399,2192595,2279770,2309407,2425756,2609870,2624783,2703261,2970346,3028182,3326850,3353119,3355122,3495726,5051418,5947199,6873038,7223616,7463887,7698362,9210001,9741178
148:
149:146,147,163,460,101044,117425,145126,234047,621379,1003189,1175603,1256706,1511908,1525049,1695830,2030273,4452175,4858572,5947199,9069765
150:notfound
151:private
152:notfound
153:notfound
154:notfound
155:
156:51872,120572,121083,145126,176588,334661,397370,437752,600904,849443,905547,920298,1072128,1072339,1076897,1454661,4977466,9612920,9647504,9648630,14127480,19506762
157:notfound
158:14697,208960,552955,1093981,3171258
159:notfound
160:
161:151,26296,32744,42714,44466,50246,51863,53160,55174,63993,64901,67770,73354,74769,80041,106086,107391,108393,122064,122456,122734,133605,135488,136242,136370,138677,145482,155092,166496,197768,207405,219306,223933,229221,244006,300105,315828,316113,316853,320139,334879,349728,360053,373296,382821,475987,545252,610070,636664,694846,707809,756330,805371,825472,839109,853015,898505,926215,991216,1008163,1032570,1116527,1243107,1275523,1343938,1350827,1364730,1471081,1491293,1518722,1530729,1547978,1748706,1836434,1862975,1924726,1949067,1996379,2171200,2379458,2382571,2431130,2439959,2576274,2832813,2838354,3118069,3128201,3424400,3426635,3442091,3846403,4088648,4109544,4469136,4588532,4866201,5878472,5900691,5949085,7391714,7961400,8010716,8101149,8270423,8494747,9128269,10078647,10342241,10971624,11809119,11843973,12432344,12556558,13983896,14063831,14442097,16585965,17692991,18006963,19695154,20522714
162:
163:146,147,149,9337,13895,17783,23062,25569,26122,27005,28673,37746,40114,42676,46233,47469,55594,55674,61234,66603,70215,80334,81478,81718,89558,91212,91634,106796,117425,121426,130970,131008,134201,145126,148124,183122,187739,199475,205124,220935,240400,263016,294098,296680,306244,318743,329832,349255,349728,388572,391170,402334,411465,448183,472717,480387,483360,559053,564115,621840,630715,679414,730796,793933,814244,889028,977237,1106549,1183405,1185741,1238407,1243257,1256706,1328884,1366968,1383247,1438392,1461887,1476561,1498379,1686440,1708067,1718978,1843123,1905899,1989507,1994777,2012419,2030271,2099399,2130834,2309407,2340617,2425756,2430575,2543954,3028182,3128580,3495726,3702157,3819797,4534452,5875058,5947199,6092029,6361651,6686699,7601612,9187026,13193510
164:353060,2119604
